% Model accuracy report for fitting ordered by
% 2.4.FitParm.mdgx.
% Written on Mon Mar 31 15:18:19 2025

% System ../1.GenTopology/POH.prmtop
data0 = [
% Target  Original    Model     Error
 267.1485  288.3533  273.4886   -6.3402   % iter1/coords.cdf, Frame 1
 266.9308  287.5459  272.4676   -5.5368   % iter1/coords.cdf, Frame 2
 266.4628  285.7014  270.1658   -3.7030   % iter1/coords.cdf, Frame 3
 266.0387  283.8335  267.9391   -1.9004   % iter1/coords.cdf, Frame 4
 265.7571  282.7031  266.6505   -0.8935   % iter1/coords.cdf, Frame 5
 265.4549  281.3590  265.2365    0.2185   % iter1/coords.cdf, Frame 6
 265.1028  279.8650  263.8760    1.2268   % iter1/coords.cdf, Frame 7
 264.9772  279.0446  263.2845    1.6927   % iter1/coords.cdf, Frame 8
 264.8928  278.4093  262.8911    2.0017   % iter1/coords.cdf, Frame 9
 264.8709  277.8463  262.6454    2.2254   % iter1/coords.cdf, Frame 10
 264.8049  277.3386  262.5318    2.2731   % iter1/coords.cdf, Frame 11
 264.8008  276.3758  262.5066    2.2941   % iter1/coords.cdf, Frame 12
 264.8494  275.9452  262.7183    2.1311   % iter1/coords.cdf, Frame 13
 265.0532  275.3492  263.1492    1.9040   % iter1/coords.cdf, Frame 14
 265.2232  274.9302  263.6329    1.5903   % iter1/coords.cdf, Frame 15
 265.4216  274.6433  264.0322    1.3894   % iter1/coords.cdf, Frame 16
 265.7511  274.1793  264.8935    0.8576   % iter1/coords.cdf, Frame 17
 266.3087  273.7429  266.0905    0.2182   % iter1/coords.cdf, Frame 18
 266.4439  273.6717  266.3767    0.0672   % iter1/coords.cdf, Frame 19
 267.2716  273.2708  267.7626   -0.4910   % iter1/coords.cdf, Frame 20
 267.9127  272.9517  269.0662   -1.1535   % iter1/coords.cdf, Frame 21
 268.6901  272.7363  270.1543   -1.4642   % iter1/coords.cdf, Frame 22
 268.8035  272.7213  270.4172   -1.6136   % iter1/coords.cdf, Frame 23
 270.4783  272.3591  272.4877   -2.0094   % iter1/coords.cdf, Frame 24
 270.6498  272.3055  272.8835   -2.2337   % iter1/coords.cdf, Frame 25
 271.6787  272.1539  274.1492   -2.4704   % iter1/coords.cdf, Frame 26
 273.8223  271.9189  276.4111   -2.5888   % iter1/coords.cdf, Frame 27
 275.1929  271.7450  277.5966   -2.4036   % iter1/coords.cdf, Frame 28
 276.5173  271.6620  278.9025   -2.3852   % iter1/coords.cdf, Frame 29
 277.7365  271.5272  279.6679   -1.9314   % iter1/coords.cdf, Frame 30
 278.7088  271.4803  280.4698   -1.7610   % iter1/coords.cdf, Frame 31
 280.1132  271.3874  281.6909   -1.5777   % iter1/coords.cdf, Frame 32
 282.5220  271.2962  283.2975   -0.7755   % iter1/coords.cdf, Frame 33
 284.0571  271.1765  284.2062   -0.1491   % iter1/coords.cdf, Frame 34
 285.4408  271.1234  285.0500    0.3909   % iter1/coords.cdf, Frame 35
 286.7388  271.0782  285.9027    0.8361   % iter1/coords.cdf, Frame 36
 288.3087  270.9943  286.8202    1.4885   % iter1/coords.cdf, Frame 37
 289.2468  270.9693  287.4831    1.7637   % iter1/coords.cdf, Frame 38
 290.5826  270.9109  288.2631    2.3195   % iter1/coords.cdf, Frame 39
 291.1680  270.8756  288.6755    2.4925   % iter1/coords.cdf, Frame 40
 291.8284  270.8954  289.1618    2.6666   % iter1/coords.cdf, Frame 41
 292.1023  270.8458  289.3295    2.7728   % iter1/coords.cdf, Frame 42
 292.7474  270.7908  289.8322    2.9152   % iter1/coords.cdf, Frame 43
 292.8401  270.8239  289.9316    2.9085   % iter1/coords.cdf, Frame 44
 292.9593  270.7887  290.0889    2.8704   % iter1/coords.cdf, Frame 45
 292.9078  270.7933  290.0931    2.8147   % iter1/coords.cdf, Frame 46
 292.5776  270.7743  289.9320    2.6456   % iter1/coords.cdf, Frame 47
 292.3442  270.7890  289.8146    2.5296   % iter1/coords.cdf, Frame 48
 291.9831  270.8225  289.6368    2.3462   % iter1/coords.cdf, Frame 49
 291.2857  270.7803  289.2053    2.0805   % iter1/coords.cdf, Frame 50
 290.3017  270.7924  288.6315    1.6702   % iter1/coords.cdf, Frame 51
 288.7961  270.8174  287.8175    0.9786   % iter1/coords.cdf, Frame 52
 287.1620  270.8937  286.9718    0.1901   % iter1/coords.cdf, Frame 53
 286.4020  270.8670  286.4043   -0.0022   % iter1/coords.cdf, Frame 54
 284.6758  270.9677  285.4684   -0.7926   % iter1/coords.cdf, Frame 55
 282.9942  270.9570  284.4101   -1.4159   % iter1/coords.cdf, Frame 56
 282.0812  270.9822  283.7755   -1.6943   % iter1/coords.cdf, Frame 57
 279.6794  271.0479  282.2326   -2.5533   % iter1/coords.cdf, Frame 58
 278.6817  271.1103  281.5743   -2.8927   % iter1/coords.cdf, Frame 59
 276.5316  271.2284  280.0734   -3.5418   % iter1/coords.cdf, Frame 60
 276.2876  271.2277  279.7824   -3.4948   % iter1/coords.cdf, Frame 61
 274.3638  271.3257  278.0017   -3.6378   % iter1/coords.cdf, Frame 62
 273.5117  271.3629  277.0859   -3.5742   % iter1/coords.cdf, Frame 63
 271.6320  271.4797  275.3106   -3.6785   % iter1/coords.cdf, Frame 64
 270.4393  271.6326  273.9470   -3.5077   % iter1/coords.cdf, Frame 65
 270.2664  271.6574  273.5904   -3.3240   % iter1/coords.cdf, Frame 66
 269.1221  271.7830  272.0201   -2.8980   % iter1/coords.cdf, Frame 67
 268.3274  271.8549  270.9066   -2.5792   % iter1/coords.cdf, Frame 68
 267.2266  272.1188  269.0995   -1.8729   % iter1/coords.cdf, Frame 69
 266.5281  272.2646  267.7372   -1.2091   % iter1/coords.cdf, Frame 70
 265.8477  272.4625  266.5186   -0.6710   % iter1/coords.cdf, Frame 71
 265.7005  272.5681  266.2296   -0.5291   % iter1/coords.cdf, Frame 72
 265.1804  272.7237  265.2238   -0.0434   % iter1/coords.cdf, Frame 73
 264.7489  272.9562  264.2264    0.5224   % iter1/coords.cdf, Frame 74
 264.2009  273.3802  262.8499    1.3511   % iter1/coords.cdf, Frame 75
 264.0352  273.5174  262.2749    1.7603   % iter1/coords.cdf, Frame 76
 263.7195  273.8618  261.5635    2.1560   % iter1/coords.cdf, Frame 77
 263.6270  274.0726  261.2662    2.3607   % iter1/coords.cdf, Frame 78
 263.4418  274.4300  260.8335    2.6082   % iter1/coords.cdf, Frame 79
 263.3183  274.8682  260.4398    2.8786   % iter1/coords.cdf, Frame 80
 263.2467  275.4416  260.2566    2.9901   % iter1/coords.cdf, Frame 81
 263.2232  275.6177  260.2817    2.9415   % iter1/coords.cdf, Frame 82
 263.2122  276.1079  260.3947    2.8174   % iter1/coords.cdf, Frame 83
 263.2758  277.0175  260.9694    2.3064   % iter1/coords.cdf, Frame 84
 263.3657  277.7466  261.6250    1.7406   % iter1/coords.cdf, Frame 85
 263.3747  277.8600  261.7433    1.6315   % iter1/coords.cdf, Frame 86
 263.6553  279.2618  263.4127    0.2426   % iter1/coords.cdf, Frame 87
 263.8233  280.0440  264.4831   -0.6598   % iter1/coords.cdf, Frame 88
 263.9986  280.7875  265.5497   -1.5510   % iter1/coords.cdf, Frame 89
 267.2065  288.7631  274.0371   -6.8306   % iter1/coords.cdf, Frame 90
 266.6672  286.5124  271.2016   -4.5344   % iter1/coords.cdf, Frame 91
 266.5319  285.9616  270.5079   -3.9761   % iter1/coords.cdf, Frame 92
 265.9208  283.3323  267.3619   -1.4411   % iter1/coords.cdf, Frame 93
 265.6389  282.1507  266.0579   -0.4190   % iter1/coords.cdf, Frame 94
 265.2970  280.7188  264.6190    0.6781   % iter1/coords.cdf, Frame 95
 265.1315  279.9196  263.9110    1.2205   % iter1/coords.cdf, Frame 96
 265.0314  279.4217  263.5288    1.5027   % iter1/coords.cdf, Frame 97
 264.8707  278.5305  262.9460    1.9247   % iter1/coords.cdf, Frame 98
 264.8219  277.5246  262.5289    2.2930   % iter1/coords.cdf, Frame 99
 264.8269  276.7541  262.4822    2.3446   % iter1/coords.cdf, Frame 100
 264.8473  276.1663  262.6225    2.2248   % iter1/coords.cdf, Frame 101
 264.8851  275.9175  262.7057    2.1794   % iter1/coords.cdf, Frame 102
 265.1369  275.1729  263.2802    1.8566   % iter1/coords.cdf, Frame 103
 265.2943  274.7826  263.7787    1.5155   % iter1/coords.cdf, Frame 104
 265.4898  274.5192  264.2041    1.2857   % iter1/coords.cdf, Frame 105
 265.6764  274.3437  264.6748    1.0015   % iter1/coords.cdf, Frame 106
 266.0822  273.9674  265.5352    0.5470   % iter1/coords.cdf, Frame 107
 266.6540  273.6124  266.6668   -0.0129   % iter1/coords.cdf, Frame 108
 267.4694  273.1945  268.1434   -0.6741   % iter1/coords.cdf, Frame 109
